All these difficulties and the sudoku test cases are according to sudoku.com

Easy 
-1 1 8 3 -1 -1 -1 -1 -1 
4 9 -1 1 -1 7 -1 3 2
-1 -1 3 2 8 4 -1 -1 6
-1 6 -1 -1 1 5 -1 -1 8
-1 8 -1 7 6 3 -1 2 9
3 -1 4 -1 -1 -1 -1 -1 -1 
-1 -1 1 -1 7 -1 -1 8 4
6 4 -1 -1 -1 -1 2 -1 7 
-1 2 -1 5 -1 -1 6 -1 3
The difficulty Score is: -204
Time taken to solve the Sudoku: 23.801 ms

Easy
-1 -1 -1 -1 -1 5 -1 8 4
-1 -1 1 9 -1 6 -1 -1 -1
-1 4 9 7 2 -1 6 -1 3  
-1 -1 5 2 -1 9 -1 -1 -1
9 2 -1 4 7 -1 -1 -1 1
-1 6 3 5 -1 1 -1 2 -1
1 -1 -1 6 -1 -1 -1 -1 2
-1 8 4 -1 5 -1 -1 9 6
-1 9 6 -1 1 -1 7 -1 5 
The difficulty Score is: -184
Time taken to solve the Sudoku: 66.375 ms

Easy
9 -1 2 8 1 -1 -1 -1 5
8 1 5 3 -1 4 -1 2 6
-1 3 -1 -1 -1 -1 8 -1 -1 
5 8 -1 -1 7 -1 -1 -1 3
-1 2 4 9 -1 1 6 -1 -1
-1 -1 -1 -1 3 -1 2 5 4
6 -1 8 -1 -1 3 4 -1 -1
-1 4 -1 -1 8 -1 1 -1 -1 
-1 -1 1 -1 -1 6 5 -1 8
The difficulty Score is: -169
Time taken to solve the Sudoku: 20.195 ms

Medium
-1 1 5 4 7 -1 2 6 9
-1 4 2 3 5 6 7 -1 8 
-1 8 6 -1 -1 -1 -1 3 -1
2 -1 3 7 8 -1 -1 -1 -1 
-1 -1 7 -1 -1 -1 -1 9 -1
4 -1 -1 -1 6 1 -1 -1 2
6 -1 -1 1 -1 -1 -1 -1 -1
-1 -1 4 -1 -1 -1 1 -1 7
-1 -1 -1 -1 3 7 9 4 -1 
The difficulty Score is: -129
Time taken to solve the Sudoku: 90.96 ms

Medium
9 5 8 7 -1 6 3 2 -1
-1 1 7 3 9 4 8 6 -1
4 -1 -1 -1 -1 -1 9 1 -1
5 -1 -1 -1 -1 -1 7 -1 -1 
-1 8 -1 9 2 -1 -1 -1 6
-1 -1 -1 1 -1 7 4 -1 8
6 -1 5 4 7 -1 -1 -1 -1 
-1 -1 -1 -1 -1 2 -1 -1 9
-1 7 2 -1 -1 -1 6 -1 -1 
The difficulty Score is: -126
Time taken to solve the Sudoku: 84.263 ms

Medium
9 1 -1 4 -1 -1 -1 -1 -1
-1 7 4 -1 -1 -1 8 9 -1 
-1 -1 -1 -1 6 -1 -1 -1 1 
-1 -1 -1 8 2 -1 3 -1 9
-1 -1 7 9 -1 -1 -1 -1 -1
2 -1 -1 -1 4 -1 6 1 -1
-1 -1 8 6 -1 3 -1 -1 -1
3 9 -1 2 -1 4 5 6 8
7 2 6 5 -1 1 9 -1 4
The difficulty Score is: -123
Time taken to solve the Sudoku: 20.768 ms

Hard
-1 -1 -1 -1 5 1 -1 -1 -1 
5 6 1 9 -1 -1 -1 -1 -1 
4 -1 -1 7 -1 -1 -1 -1 -1 
-1 -1 2 -1 -1 5 4 -1 -1 
-1 4 5 -1 -1 -1 -1 -1 8
1 9 -1 -1 4 -1 -1 -1 3
-1 8 -1 -1 2 7 -1 3 1
6 -1 -1 -1 -1 -1 -1 2 -1
-1 5 -1 8 -1 -1 6 4 9
The difficulty Score is: -56
Time taken to solve the Sudoku: 104.488 ms

Hard
-1 4 -1 -1 6 -1 -1 1 -1 
-1 -1 -1 1 9 -1 7 -1 -1 
-1 9 -1 -1 2 -1 -1 8 -1 
6 8 5 7 -1 -1 -1 -1 1
-1 3 4 -1 -1 -1 -1 -1 -1 
2 -1 -1 3 5 -1 4 -1 -1 
9 -1 -1 4 -1 -1 -1 -1 -1 
-1 5 -1 2 -1 6 9 4 3
-1 -1 -1 -1 8 -1 6 -1 -1 
The difficulty Score is: -67
Time taken to solve the Sudoku: 90.766 ms

Hard
6 8 -1 -1 -1 -1 3 4 -1 
-1 5 -1 -1 -1 -1 -1 9 -1
-1 -1 -1 4 2 -1 -1 -1 8
-1 7 9 -1 -1 -1 -1 8 -1 
-1 3 -1 -1 -1 -1 2 -1 -1 
-1 6 2 5 9 8 -1 -1 -1 
-1 9 1 2 -1 6 4 -1 -1 
-1 4 5 8 -1 -1 -1 -1 -1
7 -1 -1 -1 -1 9 -1 5 -1
The difficulty Score is: -91
Time taken to solve the Sudoku: 21.46 ms

Expert 
5 -1 6 -1 -1 -1 -1 2 4 
-1 -1 -1 2 -1 -1 5 1 -1 
4 2 -1 5 8 -1 -1 -1 -1 
-1 9 7 3 -1 -1 2 -1 5
2 -1 8 -1 1 -1 -1 7 -1
6 -1 -1 7 -1 -1 -1 -1 -1
-1 -1 -1 -1 7 3 -1 -1 1
-1 -1 -1 -1 -1 -1 -1 -1 7
7 1 3 -1 -1 -1 4 8 2
The difficulty Score is: -15
Time taken to solve the Sudoku: 89.295 ms

Expert
8 -1 1 -1 -1 -1 -1 -1 7
-1 9 7 5 8 -1 -1 -1 -1 
-1 -1 -1 -1 9 7 6 -1 8
-1 -1 -1 -1 5 -1 -1 -1 3
7 8 -1 3 -1 4 -1 -1 2
-1 -1 3 6 7 -1 1 -1 -1 
9 7 6 2 3 1 -1 -1 -1 
-1 1 -1 -1 -1 -1 3 2 -1
-1 3 -1 -1 -1 -1 -1 -1 -1
The difficulty Score is: -18
Time taken to solve the Sudoku: 26.894 ms

Expert
3 8 -1 -1 -1 -1 2 -1 -1
2 -1 4 -1 8 6 -1 -1 -1
-1 -1 -1 2 4 -1  8 -1 7 
7 4 2 3 9 5 -1 -1 -1
-1 -1 9 -1 -1 -1 -1 -1 -1
-1 -1 3 -1 -1 -1 -1 5 9
-1 2 8 1 -1 9 5 -1 -1 
9 -1 -1 -1 2 7 -1 -1 3
-1 -1 -1 -1 6 -1 9 -1 -1
The difficulty Score is: -19
Time taken to solve the Sudoku: 36.207 ms

Master
6 -1 -1 -1 -1 7 4 1 5
-1 -1 1 -1 4 2 -1 6 3
-1 -1 3 -1 -1 -1 -1 -1 -1
3 -1 -1 -1 -1 -1 6 -1 -1 
4 -1 -1 -1 2 -1 8 -1 -1 
2 -1 -1 3 -1 1 -1 -1 -1 
-1 -1 4 2 -1 -1 -1 5 -1
-1 -1 -1 5 7 4 3 -1 -1 
-1 -1 -1 6 -1 -1 -1 8 -1 
The difficulty Score is: 24
Time taken to solve the Sudoku: 69.199 ms

Master
-1 -1 -1 -1 7 2 5 -1 -1 
-1 7 -1 8 -1 1 -1 -1 -1 
6 3 -1 -1 -1 -1 8 2 -1 
-1 -1 -1 -1 5 7 4 -1 -1 
7 -1 -1 -1 9 -1 -1 -1 -1 
-1 -1 9 2 8 -1 -1 5 -1 
-1 -1 6 -1 -1 -1 -1 -1 -1 
4 -1 2 -1 -1 -1 -1 8 -1 
-1 -1 -1 -1 -1 5 9 -1 -1 
The difficulty Score is: 134
Time taken to solve the Sudoku: 27.359 ms

Master
8 -1 3 6 -1 -1 -1 -1 1
-1 -1 4 8 1 2 -1 9 -1
1 -1 9 -1 -1 7 -1 -1 -1
-1 4 -1 1 3 -1 -1 7 -1
-1 -1 5 9 4 -1 -1 -1 -1 
-1 -1 -1 -1 -1 8 9 -1 -1
-1 -1 -1 -1 6 -1 -1 1 4
5 -1 6 4 -1 -1 -1 -1 -1
-1 -1 -1 -1 -1 -1 -1 -1 7
The difficulty Score is: 183
Time taken to solve the Sudoku: 23.772 ms

Extreme
-1 4 -1 -1 8 -1 -1 3 -1 
5 -1 9 -1 -1 -1 -1 -1 -1 
3 -1 -1 -1 7 -1 9 -1 -1 
-1 -1 -1 -1 -1 -1 -1 -1 -1
-1 1 -1 -1 2 -1 -1 4 -1 
-1 3 -1 7 -1 -1 -1 -1 6
-1 5 1 6 -1 -1 4 -1 -1 
-1 -1 -1 5 -1 -1 -1 9 -1
-1 7 -1 1 -1 -1 -1 2 -1 
The difficulty Score is: 331
Time taken to solve the Sudoku: 1251.89 ms

Extreme
-1 -1 -1 -1 9 2 3 7 -1 
8 -1 -1 -1 -1 -1 -1 -1 -1
-1 6 -1 8 -1 -1 4 -1 -1
7 -1 -1 -1 -1 -1 8 3 2
-1 9 -1 -1 -1 -1 -1 -1 5
-1 -1 -1 5 -1 -1 1 -1 -1 
-1 -1 6 -1 -1 1 -1 -1 -1 
-1 3 -1 -1 6 -1 -1 5 -1
-1 -1 5 -1 -1 7 -1 -1 -1
The difficulty Score is: 194
Time taken to solve the Sudoku: 47.913 ms

Extreme
-1 -1 -1 -1 -1 2 -1 -1 -1
-1 -1 9 1 -1 -1 -1 -1 7
-1 6 1 -1 -1 4 -1 -1 -1
-1 -1 2 -1 9 -1 -1 -1 1
7 -1 5 -1 -1 -1 -1 -1 -1
-1 -1 -1 -1 -1 3 8 4 -1
-1 8 -1 -1 3 -1 -1 2 -1
-1 -1 -1 -1 -1 -1 -1 -1 8
-1 -1 -1 -1 -1 7 4 9 -1
The difficulty Score is: 265
Time taken to solve the Sudoku: 110.061 ms